3.000579
1.0011359
-0.99991057
3.000799
1.4133991
3.0006757
-0.99969048
-1.0002032
-0.99977516
-0.99991057
-0.99977516
1.4139626
3.0007144
-0.9998259
1.4134498
-0.99977516
1.000012
-0.99969048
1.4128863
-1.0002032
-0.99977516
2.9994944
-0.9998259
-0.99977516
1.4134498
-0.99969048
1.4133991
0.99958393
1.4134498
1.0012713
0.99944852
0.99944852
1.000012
-0.99977516
-0.99994929
0.9999153
3.0002863
-0.99977516
0.99999998
-1.0003315
1.000012
-0.99977516
-0.99969048
-0.99977516
3.0007144
0.99987658
3.0007144
3.0006757
1.0000507
0.9999153
0.9996685
-0.99969048
3.000579
-0.99991057
-1.0003386
-0.99991057
1.4144802
-0.99969048
3.0006757
1.0006232
-0.99969048
-0.99981388
-0.99991057
2.999359
-1.0007716
-0.99969048
-0.9998259
3.000579
0.99987658
2.999151
2.9994436
1.4128863
-0.99969048
1.4128863
2.9988922
1.0000507
-1.000254
2.999359
3.000799
-1.0002081
1.4134498
1.4128863
-1.0001185
2.9994944
-0.99991057
-0.99981388
-0.9998259
0.99923557
1.4134498
1.4135345
1.4133144
3.000799
0.9999153
3.000579
-0.9998259
-0.99991057
-0.99991057
1.4128863
3.0006636
3.0002863
1.0011867
2.999359
-0.9998259
2.999359
-0.99994929
3.0007144
0.99957191
-0.99969048
-0.99994929
-0.99991057
-0.99969048
-0.99977516
-0.99981388
-0.99991057
1.0001354
3.000799
0.99910503
1.4140014
2.9994944
1.0001354
-0.99977516
1.0000507
1.4133991
-0.99977516
-0.99991057
-0.99969048
3.0007144
3.000579
-0.99991057
1.000012
-0.99977516
-0.99991057
-0.99969048
-0.99991057
3.0007144
-0.99977516
1.0011747
2.9994557
-1.0003386
1.4133144
-0.99991057
-0.99969048
-0.99991057
2.9989309
-0.99981388
-0.99977516
2.999359
-0.58637606
1.4135345
-0.99977516
-1.0007716
-0.99969048
-1.0001185
-0.99977516
-0.99969048
1.0010811
-0.99969048
-1.000254
3.000799
-0.99991057
0.99999998
-1.000254
3.0002863
-0.99994929
1.4130218
1.4130218
1.000012
1.0000507
-0.9998259
-0.99977516
-0.99969048
3.0002863
-1.0003386
0.99944852
2.9995791
2.9994944
0.99987658
-0.99978718
1.000012
2.9994944
-0.9998259
-1.000254
0.9999153
-0.99981388
-0.99977516
-0.99969048
3.0006636
-1.0007716
2.9989309
-1.0002032
0.99957191
-0.99969048
1.4135345
1.4135345
-1.000254
3.0001509
2.999359
-0.99994929
-0.9998259
1.0001354
1.4135345
-1.0001185
1.0008885
3.000371
3.000799
1.0011867
-0.9998259
0.99975318
3.0005402
0.99948723
1.4139167
1.0006232
-0.99991057
0.99944852
2.9994944
-0.9998259
-1.000254
-1.0002032
-0.99969048
-0.99977516
2.9995791
-0.9998259
-0.99965177
1.0006232
-0.99969048
1.4133144
1.4133144
-1.0002032
1.0000507
-0.9998259
1.4130218
1.0011867
3.0001509
-0.99978718
3.0001509
-0.58629138
-0.99977516
-1.0003386
1.4133144
2.9989309
3.0001509
2.9995791
-0.99969048
0.99962265
1.4128863
-0.9998259
-0.99991057
0.99948723
2.9995791
1.0012713
-0.99977516
1.000012
-0.9998259
-0.99969048
0.99999998
-0.99969048
-0.9998259
3.0006636
1.4144802
2.9994436
-0.99977516
-0.99969048
1.0011867
-0.9998259
-0.9998259
1.4133144
-0.99977516
0.99957191
1.000012
1.4128863
1.4143448
-0.99991057
-1.0003386
1.0009732
1.4135345
-1.000254
-0.99981388
-0.99969048
0.99999998
2.999359
-0.99977516
2.9994436
1.4133144
2.9994944
-0.99991057
0.99999998
1.000012
-0.99981388
1.4133991
1.4128863
1.0006232
-0.99969048
2.9990663
-1.000254
-0.99991057
-0.99977516
-0.99994929
-0.9998259
-0.99991057
1.0000507
-0.99991057
-1.0003774
-1.000254
