2.9642056
2.0311466
-1
2.9642056
2.0311466
1
-1
0.96420558
2.0311466
2.9642056
2.9642056
2.0311466
0.96420558
2.0311466
2.0311466
-1
2.9642056
-1
1.0003792
-1
2.0311466
-1
2.0311466
2.0311466
2.0311466
-1
1
-1
2.0311466
-1
-1
-1
-1
-1
2.9642056
-1
2.0311466
-1
3.0003792
1
-1
2.0311466
-1
3.0003792
3.0003792
-1
2.0311466
-1
-1
2.9642056
2.0311466
1
1
-1
-1
2.0311466
-1
-1
-1
2.0311466
-1
3.0003792
2.0311466
2.0311466
-1
1
-1
-1
3.0003792
-1
-1
3.0003792
-1
3.0003792
-1
-1
2.0311466
1
3.0003792
1
-1
2.0311466
-1
-1
2.9642056
-1
1
1.0003792
3.0003792
2.0311466
-1
-1
-1
3.0003792
3.0003792
2.0311466
2.0311466
-1
-1
1.0003792
-1
-1
-1
-1
-1
1
2.0311466
-1
2.9642056
-1
3.0003792
2.0311466
3.0003792
2.9642056
-1
-1
3.0003792
-1
-1
-1
0.031146643
-1
2.0311466
-1
1
2.0311466
-1
-1
-1
-1
2.0311466
-1
1
2.9642056
2.0311466
2.0311466
-1
3.0003792
-1
3.0003792
-1
-1
2.0311466
-1
3.0003792
2.9642056
-1
2.0311466
-1
-1
2.9642056
-1
-1
3.0003792
3.0003792
-1
-1
-1
-1
2.9642056
-1
1.0361736
2.0311466
3.0003792
-1
2.9642056
1
-1
-1
-1
2.0311466
2.0311466
-1
-1
-1
3.0003792
1
2.9642056
3.0003792
-1
2.0311466
3.0003792
-1
-1
-1
2.0311466
-1
2.0311466
-1
3.0003792
-1
1
2.0311466
-1
3.0003792
2.0311466
1.0003792
-1
-1
-1
-1
2.0311466
2.0311466
-1
-1
2.0311466
3.0003792
2.9642056
-1
-1
2.0311466
0.96420558
2.0311466
-1
3.0003792
-1
-1
-1
1
-1
3.0003792
1.0003792
-1
