-1.0007441
1.8299238
3.0000583
0.999977
1.8299238
-1.0001552
1.8296946
-1.0006395
2.9998522
-1.0002061
-0.99999997
-1.0001785
-1.0002061
3.0000074
-1.0002061
-1.0001322
2.9998522
1.8299008
-1.0002061
1.0002878
1
1.0003108
0.999977
1.8298499
-1.0001552
1.82959
-1.0003617
-1.0001552
1.0015707
0.99992609
1.0002878
-1.0007441
-1.0001552
2.9992542
1.0003617
1.8299238
-1.000795
-1.0005656
1.0001323
3.0000813
-1.0001552
3.0000813
-1.0007211
1.0001323
1.8297174
2.9998522
1.8296946
3.0000074
-1.0001552
2.9999031
-1.0000509
-1.000795
3.0000074
1.8297455
1.0001553
-1.0005656
-0.99984443
-1.0007441
-1.0007211
-0.99979381
-1.000795
-1.0007671
1.0003108
-1.0008994
1.0000813
-1.0001552
-1.0001552
1.0002878
1.0009963
-0.99999997
1.8299008
2.9999031
-1.000795
-1.0002061
1.8299008
2.9992312
-1.0010549
1.0002878
-1.0000813
1.8296946
2.9992542
-1.0007441
-1.0008994
1.8299238
0.99992609
-0.99982141
-1.000795
2.9993051
1.8299238
-1.0001552
2.999076
1.8299008
-1.0005886
2.9991499
3.0000813
-1.0007441
-1.0005886
-1.0007441
1.8296946
1.8299008
-1.0002061
1.8299008
-0.99999997
2.9998522
2.9999031
-1.0001552
-1.0007441
-1.0002061
-1.0001552
0.99904807
-1.0002061
1.8296205
-1.0001552
2.9999031
1.0000813
1.8296665
-0.17012684
2.9998522
-0.99999997
-1.0007441
-1.0001552
2.9992312
-1.0009503
1.8295926
1.8299008
-1.000795
3.0000074
-1.0001322
-1.0005886
-1.0009503
-1.0001552
-0.99997695
-1.0007441
-0.9997705
-1.0001552
-0.99997695
2.9994098
1.0002878
2.9993051
-1.0002061
-1.0000813
-1.0001322
-1.0001552
2.9992542
3.0000583
3.0000074
2.9994098
-1.0007441
-1.0002061
-1.0002061
1.8298499
3.0000583
2.999099
2.9992312
-0.99999997
-1.000795
1.0002369
1.8299008
-0.99982141
-0.99984443
-1.0001552
1.8295926
2.9991803
-1.000795
-0.99989534
0.99927754
1.8298499
-1.0003108
3.000163
1.8298499
1.8295926
-1.000795
-1.0000509
2.9994607
1.0007671
-0.99982141
-1.0001552
-0.99999997
3.0000074
-1.000795
3.0000583
0.99917291
-1.0007441
-1.0002061
2.9999261
-0.99999997
-0.99989534
-1.0007441
1.8299238
-1.0002061
1.8300563
1.8298499
1.8295926
-1.0001552
2.9993358
3.0000074
1.8297685
-1.0007441
2.9991803
-1.0002061
1.0003617
2.9992312
1.0002878
1.8298499
1.0009963
-0.99999997
1
1.8296665
1.0010472
-1.0002061
-1.000795
-0.99982141
2.999076
-1.0001552
-1.0002061
-0.99997695
-1.0008994
3.0002139
2.9999031
-1.0007441
0.99992609
2.9993051
-0.99999997
-1.0007441
1.8296435
-1.000795
2.9992312
1.8296435
-1.0006395
-1.0007441
-1.0007441
1.0000813
1.8299008
-1.0001552
-0.99984443
0.99896674
0.99992609
-1.0001552
1.0001323
3.0000074
1.0002878
-1.0000813
-0.99984443
3.0000074
-1.0007441
-1.0001322
1.0002878
-0.99999997
-1.000795
-1.0005656
0.99977083
1.8299238
-1.0007441
1.8296946
2.9992542
-1.0007441
1.8298499
2.9992542
-1.0001552
-1.0000813
-0.99982141
2.9998522
-0.99989534
1.8296946
-0.99997695
2.9992542
3.0000074
-1.0000509
3.0000583
1.0001553
-1.0000813
1.8299747
-1.0007441
2.9994098
-1.0001552
1.0010472
-1.0010549
2.9992542
-1.0007441
-1.0002061
1.8299008
-1.0001552
3.0000813
-1.0000813
-0.17023147
3.0000583
2.999076
-1.0008994
1.8294882
2.999099
1.8296435
3.0002139
-1.0001552
-1.0000813
1.8299008
-1.0005656
1.8294882
-1.0000509
3.0000074
1.0008919
1.8296946
-1.0001552
-1.0002061
