-0.99997619
-1.0004256
-1.0003623
1.4151973
3.0002918
2.9996453
2.9996453
1.0005832
1.4151973
-0.58541727
3.0002918
-0.99984239
-0.99984239
3.0004256
-0.99984239
-1.0004256
-1.0004256
1.4146141
2.9997791
0.99961392
1.4151973
1.4150635
0.99955062
1.4150635
-0.99984239
-0.99984239
1.0003861
3.0003623
-0.99986619
2.9997086
-0.99997619
2.9998424
-1.0004256
3.0002285
-1.0000395
3.0004256
1.4146141
-0.99984239
1.4151973
1.00011
-1.0004256
1.0003861
0.99986621
1.4146141
-0.99984239
0.9998029
-1.0006779
2.9996453
3.0008117
1.0002523
-0.99997619
-1.0003623
-0.99984239
2.9997086
1
-0.9999057
1.0004494
1.0008355
-0.99997619
1.4150635
-0.99984239
-1.0006146
-1.0002285
1.4148112
-0.99984239
-0.99984239
1.4148112
0.99941682
0.9999367
2.9998424
3.0006779
1.4148112
1.0000633
-1.0004256
3.0008117
1.4154258
1.0005832
-1.0008117
3.0008117
1.4150635
1.4151973
-0.99997619
-0.99984239
-0.99997619
-1.0002285
2.999393
-0.99997619
1.4146774
-1.0006146
2.9998424
-1.0006146
-1.0006779
0.9999367
-0.99984239
3.0002285
-0.99984239
0.99986621
0.9998029
0.9999367
-0.99984239
-1.0004256
-0.99984239
-0.99997619
-0.99997619
1.4147479
0.9999367
-1.0006146
-1.0002918
0.99941682
-1.0002285
1
3.0000395
-1.0000633
1.4146774
3.0006779
-1.0004256
2.9996453
-1.0002918
-1.0002918
3.0008117
-0.99997619
-1.0004256
3.0000947
-0.99997619
-1.0004256
-1.0003623
3.0004256
1.4146141
-1.0004256
2.9998424
-0.99984239
0.99986621
2.999393
3.0002285
3.0003623
-1.0003156
0.99961392
1.0003861
1.4148112
1.0000633
-0.58486601
1.4150635
3.0002918
0.99986621
3.0004256
3.0008117
-0.99997619
0.99986621
1.4150635
-0.99997619
1.4151973
-1.0004256
1.4150635
-0.99984239
-1.0004256
1.4150635
-0.99984239
-1.0004256
-1.0002285
-0.99997619
0.99961392
-0.99984239
-1.0000633
-0.99997619
-0.99997619
-1.0004256
-1.0002918
0.9998029
3.0002285
3.0003623
1.4143618
-1.0002918
-0.99984239
1
1.0002523
1.4151973
1.0003861
-1.0004256
-1.0003623
2.9998424
3.0006779
0.9999367
-1.0002285
1
-1.0002918
-0.99984239
1.4150635
-0.99984239
1.4146774
2.9998424
-0.99984239
-1.0000395
-0.99997619
1.4150635
2.9999057
1
-1.0008117
-0.99997619
-0.58516498
3.0008117
1.4147479
-0.99997619
-1.0003623
1
3.0000947
3.0004256
3.0003623
1.4150635
3.0002285
-1.0002918
-0.99984239
-1.0004256
-1.0002918
3.0002285
-1.0004256
3.0003623
3.0004256
-0.99984239
0.99986621
-1.0002285
-1.0002918
-1.0002285
-1.0003623
3.0000947
-0.99984239
1.4146141
-1.0002285
-1.0004256
-0.99997619
3.0003623
-0.99984239
-1.0004256
-1.0004256
1.4148112
1
-1.0004256
3.0004256
-1.0000633
-0.99984239
-0.99997619
1.0003861
-0.58516498
-1.0002918
-1.0004256
3.0002285
-1.0002918
2.999393
-1.0004256
-1.0008117
-1.0002285
3.0002285
-1.0004256
1.4150635
-0.99997619
1
-1.0002285
1.4150635
-1.0002918
0.99948012
1.4150635
2.9998424
-1.0007484
-0.99984239
1.4143618
-0.99984239
1.4150635
-0.99997619
-0.99984239
3.0000947
3.0002285
-1.0002918
-1.0004256
-1.0002285
-1.0002918
2.9998424
0.99986621
-1.0002285
-1.0004256
3.0006779
1.0002523
-1.0002918
-0.99984239
3.0003623
-1.0006779
-1.0004256
0.99986621
1.4143618
-1.0004256
-0.99986619
1.0002523
-1.0002918
1.4151973
0.9999367
1.4148112
1.4150635
-0.99984239
1.4148112
3.0002285
-0.99997619
0.9999367
1.4146141
2.9998424
1.4148112
