1.61764
2.9991721
1.0001079
2.9992845
1.6177479
-1.0001079
-1.0002112
0.99989211
-1.0008779
2.9992845
0.99989666
1.6177524
1.0001079
3.000026
-1.0001079
-1.0007746
1.0000045
-1.0008779
-1.0009858
-1.0007746
0.99989666
2.9993878
2.9992845
2.9992845
-1.0002112
-1.0001079
1.6178512
-1
1.0000045
0.99991813
-1.0008779
-1.0009858
-1.0001079
-1.0001079
-1
2.9999227
-1.0001079
0.99989211
-1.0002112
2.9992845
2.9992754
1.6177524
-1.0008779
0.99989211
0.99989211
-1.0000046
-1
1.6177479
2.9999227
1.6177433
-1.0001079
-1.0008779
2.9992845
-1.0008779
1.0002847
2.9998103
-1.0007746
-1.0002112
-1.0001124
-1
-1.0000046
1.0000045
-1.0000046
-1.0000046
-1.0001079
-1
0.99999544
1.0000045
2.9992799
-1.000117
2.9999227
0.99991813
-1.0000091
-1.0008779
-1.0001079
-0.99989668
-1.0001079
-1.0000046
2.9999227
1.6177433
1.0000735
1.0000045
-1
-1.0001079
1.6177479
-1.0001079
0.99989211
-1.0000046
-1.0008779
-1.0001079
1.6177479
1.6177479
2.9991766
-1.0007746
2.9998148
-1.0008779
-1
1.6178512
-0.38225668
2.9991721
0.99979333
-1.0008779
1.0000689
-1.0009858
-1.0008779
2.9999181
-1.0008779
-1.0001033
1.6177479
2.9998194
2.9992845
-0.99989668
-1.0007746
2.9992845
-1.0001079
-1.0001079
2.9992845
-1.0001124
2.9999227
1.6177479
-1.0002112
2.9992845
0.99989211
-0.99989668
1.6178512
-1.0001079
-1.0001079
1.6177479
2.9992845
-1.0009904
-1.0000046
-1
-1.0008779
-1.0001079
-1.0001033
-1.0001124
2.9991766
-1.0009904
-1.0008825
1.6176491
1.6176445
-1.0001079
-1.0009858
-1.0008825
-1.0001079
-1
2.9999227
1.6177524
2.9992845
-1
1.6178558
-1.0007746
0.99989211
-1
-1.0001079
3.000026
-1.0007746
1.0000045
-1.0002112
-1.0009904
2.9999227
-1.0001079
-1.0001079
2.9991766
-1.0008779
2.9999227
1.6177479
-1
1.6177479
1.6177433
1.6177524
-1.0002112
2.9999227
2.9998194
2.9999227
-1
-1.0000046
2.9993878
-1.0001033
-1.0007746
1.0000045
1.6177524
-1.0000046
-1.0009904
2.9999136
2.9999227
1.6178512
1.6177479
2.9991766
0.99989211
1.0001079
0.99989211
1.6177479
1.61764
0.99989666
1.6177479
2.9999227
0.99981481
2.9999227
-1.0001124
-1.0002112
-1.0008779
-1.0008779
2.9999136
0.99938327
1.0001722
-1.0001079
2.9999227
-1.0000046
0.99989211
-1.0000046
1.6176445
2.9992845
1.0000735
-1.0001079
-1.0008779
0.99999544
1.000078
-0.38215335
1.6177479
-1.0002112
-1.0000046
2.9997115
